# Oscilloscope Data

# Seconds	debug_motorfdb.yaw_pos_fdb	yaw_debug.pos_ref	yaw_debug.spd_ref	yaw_debug.spd_fdb
0.000	0	0	0	0
0.026	0	0	0	0
0.049	0	0	0	0
0.068	0	0	0	0
0.086	0	0	0	0
0.104	0	0	0	0
0.124	0	0	0	0
0.142	0	0	0	0
0.157	0	0	0	0
0.173	0	0	0	0
0.188	0	0	0	0
0.207	0	0	0	0
0.226	0	0	0	0
0.243	0	0	0	0
0.262	0	0	0	0
0.277	0	0	0	0
0.294	0	0	0	0
0.309	0	0	0	0
0.328	0	0	0	0
0.345	0	0	0	0
0.367	0	0	0	0
0.383	0	0	0	0
0.403	0	0	0	0
0.419	0	0	0	0
0.440	0	0	0	0
0.461	0	0	0	0
0.482	0	0	0	0
0.497	0	0	0	0
0.516	0	0	0	0
0.532	0	0	0	0
0.548	0	0	0	0
0.573	0	0	0	0
0.593	0	0	0	0
0.609	0	0	0	0
0.623	0	0	0	0
0.637	0	0	0	0
0.655	0	0	0	0
0.673	0	0	0	0
0.689	0	0	0	0
0.705	0	0	0	0
0.727	0	0	0	0
0.742	0	0	0	0
0.767	0	0	0	0
0.783	0	0	0	0
0.803	0	0	0	0
0.821	0	0	0	0
0.841	0	0	0	0
0.859	0	0	0	0
0.875	0	0	0	0
0.894	0	0	0	0
0.914	0	0	0	0
0.931	0	0	0	0
0.953	0	0	0	0
0.972	0	0	0	0
0.994	0	0	0	0
1.018	0	0	0	0
1.032	0	0	0	0
1.053	0	0	0	0
1.070	0	0	0	0
1.088	0	0	0	0
1.107	0	0	0	0
1.130	0	0	0	0
1.150	0	0	0	0
1.167	0	0	0	0
1.184	0	0	0	0
1.201	0	0	0	0
1.218	0	0	0	0
1.234	0	0	0	0
1.247	0	0	0	0
1.266	0	0	0	0
1.282	0	0	0	0
1.298	0	0	0	0
1.313	0	0	0	0
1.331	0	0	0	0
1.351	0	0	0	0
1.373	0	0	0	0
1.392	0	0	0	0
1.414	0	0	0	0
1.435	0	0	0	0
1.455	0	0	0	0
1.476	0	0	0	0
1.491	0	0	0	0
1.517	0	0	0	0
1.534	0	0	0	0
1.554	0	0	0	0
1.571	0	0	0	0
1.591	0	0	0	0
1.610	0	0	0	0
1.626	0	0	0	0
1.642	0	0	0	0
1.663	0	0	0	0
1.681	0	0	0	0
1.701	0	0	0	0
1.717	0	0	0	0
1.739	0	0	0	0
1.758	0	0	0	0
1.779	0	0	0	0
1.793	0	0	0	0
1.814	0	0	0	0
1.833	0	0	0	0
1.855	0	0	0	0
1.872	0	0	0	0
1.889	0	0	0	0
1.906	0	0	0	0
1.930	0	0	0	0
1.949	0	0	0	0
1.964	0	0	0	0
1.986	0	0	0	0
2.002	0	0	0	0
2.028	0	0	0	0
2.051	0	0	0	0
2.068	0	0	0	0
2.085	0	0	0	0
2.105	0	0	0	0
2.122	0	0	0	0
2.139	0	0	0	0
2.160	0	0	0	0
2.176	0	0	0	0
2.196	0	0	0	0
2.212	0	0	0	0
2.233	0	0	0	0
2.253	0	0	0	0
2.276	0	0	0	0
2.292	0	0	0	0
2.311	0	0	0	0
2.329	0	0	0	0
2.348	0	0	0	0
2.365	0	0	0	0
2.384	0	0	0	0
2.400	0	0	0	0
2.417	0	0	0	0
2.431	0	0	0	0
2.449	0	0	0	0
2.471	0	0	0	0
2.487	0	0	0	0
2.508	0	0	0	0
2.526	0	0	0	0
2.543	0	0	0	0
2.561	0	0	0	0
2.578	0	0	0	0
2.597	0	0	0	0
2.617	0	0	0	0
2.635	0	0	0	0
2.655	0	0	0	0
2.676	0	0	0	0
2.697	0	0	0	0
2.715	0	0	0	0
2.734	0	0	0	0
2.752	0	0	0	0
2.772	0	0	0	0
2.795	0	0	0	0
2.815	0	0	0	0
2.831	0	0	0	0
2.856	0	0	0	0
2.876	0	0	0	0
2.897	0	0	0	0
2.914	0	0	0	0
2.932	0	0	0	0
2.956	0	0	0	0
2.973	0	0	0	0
2.992	0	0	0	0
3.009	0	0	0	0
3.030	0	0	0	0
3.046	0	0	0	0
3.064	0	0	0	0
3.082	0	0	0	0
3.103	0	0	0	0
3.118	0	0	0	0
3.137	0	0	0	0
3.155	0	0	0	0
3.175	0	0	0	0
3.192	0	0	0	0
3.210	0	0	0	0
3.229	0	0	0	0
3.248	0	0	0	0
3.268	0	0	0	0
3.288	0	0	0	0
3.305	0	0	0	0
3.324	0	0	0	0
3.344	0	0	0	0
3.360	0	0	0	0
3.381	0	0	0	0
3.397	0	0	0	0
3.414	0	0	0	0
3.431	0	0	0	0
3.446	0	0	0	0
3.467	0	0	0	0
3.481	0	0	0	0
3.499	0	0	0	0
3.518	0	0	0	0
3.539	0	0	0	0
3.558	0	0	0	0
3.576	0	0	0	0
3.595	0	0	0	0
3.613	0	0	0	0
3.628	0	0	0	0
3.647	0	0	0	0
3.667	0	0	0	0
3.683	0	0	0	0
3.700	0	0	0	0
3.718	0	0	0	0
3.736	0	0	0	0
3.754	0	0	0	0
3.769	0	0	0	0
3.791	0	0	0	0
3.807	0	0	0	0
3.825	0	0	0	0
3.841	0	0	0	0
3.859	0	0	0	0
3.875	0	0	0	0
3.894	0	0	0	0
3.911	0	0	0	0
3.933	0	0	0	0
3.954	0	0	0	0
3.978	0	0	0	0
4.001	0	0	0	0
4.025	0	0	0	0
4.044	0	0	0	0
4.062	0	0	0	0
4.082	0	0	0	0
4.100	0	0	0	0
4.118	0	0	0	0
4.142	0	0	0	0
4.161	0	0	0	0
4.180	0	0	0	0
4.197	0	0	0	0
4.223	0	0	0	0
4.246	0	0	0	0
4.262	0	0	0	0
4.279	0	0	0	0
4.298	0	0	0	0
4.317	0	0	0	0
4.333	0	0	0	0
4.346	0	0	0	0
4.363	0	0	0	0
4.379	0	0	0	0
4.396	0	0	0	0
4.415	0	0	0	0
4.435	0	0	0	0
4.450	0	0	0	0
4.469	0	0	0	0
4.487	0	0	0	0
4.506	0	0	0	0
4.528	0	0	0	0
4.547	0	0	0	0
4.565	0	0	0	0
4.582	0	0	0	0
4.600	0	0	0	0
4.619	0	0	0	0
4.638	0	0	0	0
4.653	0	0	0	0
4.674	0	0	0	0
4.695	0	0	0	0
4.719	0	0	0	0
4.733	0	0	0	0
4.752	0	0	0	0
4.770	0	0	0	0
4.790	0	0	0	0
4.806	0	0	0	0
4.827	0	0	0	0
4.847	0	0	0	0
4.867	0	0	0	0
4.885	0	0	0	0
4.903	0	0	0	0
4.919	0	0	0	0
4.942	0	0	0	0
4.960	0	0	0	0
4.978	0	0	0	0
4.997	0	0	0	0
5.016	0	0	0	0
5.039	0	0	0	0
5.056	0	0	0	0
5.076	0	0	0	0
5.096	0	0	0	0
5.120	0	0	0	0
5.139	0	0	0	0
5.158	0	0	0	0
5.175	0	0	0	0
5.196	0	0	0	0
5.219	0	0	0	0
5.237	0	0	0	0
5.258	0	0	0	0
5.277	0	0	0	0
5.298	0	0	0	0
5.319	0	0	0	0
5.344	0	0	0	0
5.363	0	0	0	0
5.380	0	0	0	0
5.404	0	0	0	0
5.424	0	0	0	0
5.445	0	0	0	0
5.462	0	0	0	0
5.480	0	0	0	0
5.500	0	0	0	0
5.520	0	0	0	0
5.538	0	0	0	0
5.560	0	0	0	0
5.577	0	0	0	0
5.594	0	0	0	0
5.613	0	0	0	0
5.631	0	0	0	0
5.651	0	0	0	0
5.668	0	0	0	0
5.689	0	0	0	0
5.709	0	0	0	0
5.729	0	0	0	0
5.744	0	0	0	0
5.762	0	0	0	0
5.779	0	0	0	0
5.801	0	0	0	0
5.817	0	0	0	0
5.835	0	0	0	0
5.851	0	0	0	0
5.870	0	0	0	0
5.885	0	0	0	0
5.901	0	0	0	0
5.921	0	0	0	0
5.940	0	0	0	0
5.956	0	0	0	0
5.976	0	0	0	0
5.991	0	0	0	0
6.008	0	0	0	0
6.028	0	0	0	0
6.046	0	0	0	0
6.063	0	0	0	0
6.078	0	0	0	0
6.095	0	0	0	0
6.116	0	0	0	0
6.133	0	0	0	0
6.152	0	0	0	0
6.168	0	0	0	0
6.183	0	0	0	0
6.203	0	0	0	0
6.218	0	0	0	0
6.239	0	0	0	0
6.256	0	0	0	0
6.275	0	0	0	0
6.292	0	0	0	0
6.312	0	0	0	0
6.335	0	0	0	0
6.352	0	0	0	0
6.369	0	0	0	0
6.387	0	0	0	0
6.409	0	0	0	0
6.432	0	0	0	0
6.452	0	0	0	0
6.470	0	0	0	0
6.491	0	0	0	0
6.509	0	0	0	0
6.528	0	0	0	0
6.546	0	0	0	0
6.562	0	0	0	0
6.580	0	0	0	0
6.597	0	0	0	0
6.613	0	0	0	0
6.633	0	0	0	0
6.649	0	0	0	0
6.666	0	0	0	0
6.682	0	0	0	0
6.700	0	0	0	0
6.722	0	0	0	0
6.745	0	0	0	0
6.768	0	0	0	0
6.788	0	0	0	0
6.806	0	0	0	0
6.828	0	0	0	0
6.853	0	0	0	0
6.869	0	0	0	0
6.888	0	0	0	0
6.910	0	0	0	0
6.934	0	0	0	0
6.950	0	0	0	0
6.964	0	0	0	0
6.985	0	0	0	0
7.001	0	0	0	0
7.021	0	0	0	0
7.035	0	0	0	0
7.054	0	0	0	0
7.070	0	0	0	0
7.084	0	0	0	0
7.101	0	0	0	0
7.117	0	0	0	0
7.136	0	0	0	0
7.153	0	0	0	0
7.170	0	0	0	0
7.184	0	0	0	0
7.202	0	0	0	0
7.218	0	0	0	0
7.239	0	0	0	0
7.254	0	0	0	0
7.275	0	0	0	0
7.292	0	0	0	0
7.314	0	0	0	0
7.331	0	0	0	0
7.352	0	0	0	0
7.369	0	0	0	0
7.388	0	0	0	0
7.405	0	0	0	0
7.425	0	0	0	0
7.446	0	0	0	0
7.462	0	0	0	0
7.478	0	0	0	0
7.498	0	0	0	0
7.517	0	0	0	0
7.535	0	0	0	0
7.555	0	0	0	0
7.573	0	0	0	0
7.593	0	0	0	0
7.614	0	0	0	0
7.635	0	0	0	0
7.654	0	0	0	0
7.675	0	0	0	0
7.693	0	0	0	0
7.714	0	0	0	0
7.733	0	0	0	0
7.753	0	0	0	0
7.775	0	0	0	0
7.791	0	0	0	0
7.810	0	0	0	0
7.826	0	0	0	0
7.844	0	0	0	0
7.864	0	0	0	0
7.886	0	0	0	0
7.902	0	0	0	0
7.919	0	0	0	0
7.937	0	0	0	0
7.959	0	0	0	0
7.974	0	0	0	0
7.993	0	0	0	0
8.009	0	0	0	0
8.028	0	0	0	0
8.049	0	0	0	0
8.073	0	0	0	0
8.089	0	0	0	0
8.112	0	0	0	0
8.135	0	0	0	0
8.156	0	0	0	0
8.176	0	0	0	0
8.191	0	0	0	0
8.210	0	0	0	0
8.224	0	0	0	0
8.241	0	0	0	0
8.259	0	0	0	0
8.278	0	0	0	0
8.292	0	0	0	0
8.310	0	0	0	0
8.328	0	0	0	0
8.348	0	0	0	0
8.368	0	0	0	0
8.384	0	0	0	0
8.402	0	0	0	0
8.419	0	0	0	0
8.439	0	0	0	0
8.460	0	0	0	0
8.481	0	0	0	0
8.503	0	0	0	0
8.518	0	0	0	0
8.540	0	0	0	0
8.557	0	0	0	0
8.583	0	0	0	0
8.600	0	0	0	0
8.617	0	0	0	0
8.636	0	0	0	0
8.653	0	0	0	0
8.670	0	0	0	0
8.689	0	0	0	0
8.707	0	0	0	0
8.723	0	0	0	0
8.743	0	0	0	0
8.762	0	0	0	0
8.785	0	0	0	0
8.802	0	0	0	0
8.819	0	0	0	0
8.849	0	0	0	0
8.873	0	0	0	0
8.894	0	0	0	0
8.911	0	0	0	0
8.936	0	0	0	0
8.955	0	0	0	0
8.972	0	0	0	0
8.990	0	0	0	0
9.008	0	0	0	0
9.024	0	0	0	0
9.045	0	0	0	0
9.061	0	0	0	0
9.082	0	0	0	0
9.098	0	0	0	0
9.121	0	0	0	0
9.140	0	0	0	0
9.159	0	0	0	0
9.178	0	0	0	0
9.198	0	0	0	0
9.218	0	0	0	0
9.241	0	0	0	0
9.262	0	0	0	0
9.281	0	0	0	0
9.299	0	0	0	0
9.314	0	0	0	0
9.332	0	0	0	0
9.350	0	0	0	0
9.369	0	0	0	0
9.388	0	0	0	0
9.406	0	0	0	0
9.423	0	0	0	0
9.443	0	0	0	0
9.457	0	0	0	0
9.476	0	0	0	0
9.493	0	0	0	0
9.512	0	0	0	0
9.527	0	0	0	0
9.549	0	0	0	0
9.562	0	0	0	0
9.582	0	0	0	0
9.602	0	0	0	0
9.622	0	0	0	0
9.638	0	0	0	0
9.662	0	0	0	0
9.680	0	0	0	0
9.698	0	0	0	0
9.713	0	0	0	0
9.732	0	0	0	0
9.749	0	0	0	0
9.777	0	0	0	0
9.797	0	0	0	0
9.814	0	0	0	0
9.833	0	0	0	0
9.849	0	0	0	0
9.868	0	0	0	0
9.886	0	0	0	0
9.906	0	0	0	0
9.922	0	0	0	0
9.940	0	0	0	0
9.957	0	0	0	0
9.977	0	0	0	0
9.993	0	0	0	0
10.015	0	0	0	0
10.031	0	0	0	0
10.053	0	0	0	0
10.066	0	0	0	0
10.088	0	0	0	0
10.103	0	0	0	0
10.123	0	0	0	0
10.142	0	0	0	0
10.160	0	0	0	0
10.177	0	0	0	0
10.194	0	0	0	0
10.212	0	0	0	0
10.234	0	0	0	0
10.255	0	0	0	0
10.273	0	0	0	0
10.292	0	0	0	0
10.309	0	0	0	0
10.333	0	0	0	0
10.359	0	0	0	0
10.384	0	0	0	0
10.409	0	0	0	0
10.429	0	0	0	0
10.451	0	0	0	0
10.471	0	0	0	0
10.497	0	0	0	0
10.520	0	0	0	0
10.536	0	0	0	0
10.558	0	0	0	0
10.583	0	0	0	0
10.601	0	0	0	0
10.626	0	0	0	0
10.642	0	0	0	0
10.661	0	0	0	0
10.677	0	0	0	0
10.694	0	0	0	0
10.709	0	0	0	0
10.730	0	0	0	0
10.747	0	0	0	0
10.764	0	0	0	0
10.780	0	0	0	0
10.799	0	0	0	0
10.816	0	0	0	0
10.836	0	0	0	0
10.854	0	0	0	0
10.872	0	0	0	0
10.888	0	0	0	0
10.903	0	0	0	0
10.920	0	0	0	0
10.939	0	0	0	0
10.954	0	0	0	0
10.975	0	0	0	0
10.991	0	0	0	0
11.004	0	0	0	0
11.026	0	0	0	0
11.040	0	0	0	0
11.059	0	0	0	0
11.074	0	0	0	0
11.093	0	0	0	0
11.109	0	0	0	0
11.130	0	0	0	0
11.147	0	0	0	0
11.165	0	0	0	0
11.185	0	0	0	0
11.204	0	0	0	0
11.227	0	0	0	0
11.245	0	0	0	0
11.267	0	0	0	0
11.285	0	0	0	0
11.302	0	0	0	0
11.323	0	0	0	0
11.347	0	0	0	0
11.364	0	0	0	0
11.383	0	0	0	0
11.402	0	0	0	0
11.428	0	0	0	0
11.450	0	0	0	0
11.472	0	0	0	0
11.497	0	0	0	0
11.520	0	0	0	0
11.535	0	0	0	0
11.554	0	0	0	0
11.577	0	0	0	0
11.598	0	0	0	0
11.615	0	0	0	0
11.636	0	0	0	0
11.652	0	0	0	0
11.673	0	0	0	0
11.698	0	0	0	0
11.715	0	0	0	0
11.734	0	0	0	0
11.752	0	0	0	0
11.771	0	0	0	0
11.786	0	0	0	0
11.803	0	0	0	0
11.825	0	0	0	0
11.849	0	0	0	0
11.864	0	0	0	0
11.885	0	0	0	0
11.899	0	0	0	0
11.919	0	0	0	0
11.940	0	0	0	0
11.962	0	0	0	0
11.982	0	0	0	0
11.999	0	0	0	0
12.023	0	0	0	0
12.040	0	0	0	0
12.059	0	0	0	0
12.077	0	0	0	0
12.103	0	0	0	0
12.123	0	0	0	0
12.143	0	0	0	0
12.164	0	0	0	0
12.182	0	0	0	0
12.202	0	0	0	0
12.218	0	0	0	0
12.240	0	0	0	0
12.260	0	0	0	0
12.280	0	0	0	0
12.301	0	0	0	0
12.321	0	0	0	0
12.341	0	0	0	0
12.361	0	0	0	0
12.382	0	0	0	0
12.401	0	0	0	0
12.422	0	0	0	0
12.444	0	0	0	0
12.466	0	0	0	0
12.489	0	0	0	0
12.506	0	0	0	0
12.528	0	0	0	0
12.548	0	0	0	0
12.565	0	0	0	0
12.586	0	0	0	0
12.613	0	0	0	0
12.632	0	0	0	0
12.651	0	0	0	0
12.671	0	0	0	0
12.694	0	0	0	0
12.713	0	0	0	0
12.738	0	0	0	0
12.758	0	0	0	0
12.780	0	0	0	0
12.802	0	0	0	0
12.823	0	0	0	0
12.845	0	0	0	0
12.868	0	0	0	0
12.886	0	0	0	0
12.903	0	0	0	0
12.923	0	0	0	0
12.940	0	0	0	0
12.960	0	0	0	0
12.974	0	0	0	0
12.991	0	0	0	0
13.006	0	0	0	0
13.026	0	0	0	0
13.049	0	0	0	0
13.068	0	0	0	0
13.086	0	0	0	0
13.105	0	0	0	0
13.121	0	0	0	0
13.137	0	0	0	0
13.155	0	0	0	0
13.171	0	0	0	0
13.192	0	0	0	0
13.211	0	0	0	0
13.231	0	0	0	0
13.257	0	0	0	0
13.276	0	0	0	0
13.292	0	0	0	0
13.309	0	0	0	0
13.331	0	0	0	0
13.348	0	0	0	0
13.369	0	0	0	0
13.389	0	0	0	0
13.404	0	0	0	0
13.425	0	0	0	0
13.443	0	0	0	0
13.461	0	0	0	0
13.478	0	0	0	0
13.494	0	0	0	0
13.514	0	0	0	0
13.535	0	0	0	0
13.549	0	0	0	0
13.565	0	0	0	0
13.581	0	0	0	0
13.597	0	0	0	0
13.614	0	0	0	0
13.632	0	0	0	0
13.650	0	0	0	0
13.668	0	0	0	0
13.687	0	0	0	0
13.705	0	0	0	0
13.723	0	0	0	0
13.746	0	0	0	0
13.764	0	0	0	0
13.781	0	0	0	0
13.798	0	0	0	0
13.815	0	0	0	0
13.836	0	0	0	0
13.857	0	0	0	0
13.874	0	0	0	0
13.892	0	0	0	0
13.912	0	0	0	0
13.929	0	0	0	0
13.950	0	0	0	0
13.968	0	0	0	0
13.983	0	0	0	0
13.999	0	0	0	0
14.016	0	0	0	0
14.032	0	0	0	0
14.052	0	0	0	0
14.072	0	0	0	0
14.088	0	0	0	0
14.103	0	0	0	0
14.120	0	0	0	0
14.144	0	0	0	0
14.161	0	0	0	0
14.180	0	0	0	0
14.197	0	0	0	0
14.212	0	0	0	0
14.235	0	0	0	0
14.250	0	0	0	0
14.272	0	0	0	0
14.292	0	0	0	0
14.309	0	0	0	0
14.328	0	0	0	0
14.344	0	0	0	0
14.364	0	0	0	0
14.387	0	0	0	0
14.407	0	0	0	0
14.426	0	0	0	0
14.447	0	0	0	0
14.466	0	0	0	0
14.482	0	0	0	0
14.503	0	0	0	0
14.523	0	0	0	0
14.546	0	0	0	0
14.564	0	0	0	0
14.582	0	0	0	0
14.599	0	0	0	0
14.616	0	0	0	0
14.635	0	0	0	0
14.656	0	0	0	0
14.678	0	0	0	0
14.702	0	0	0	0
14.724	0	0	0	0
14.747	0	0	0	0
14.775	0	0	0	0
14.804	0	0	0	0
14.831	0	0	0	0
14.850	0	0	0	0
14.870	0	0	0	0
14.893	0	0	0	0
14.911	0	0	0	0
14.925	0	0	0	0
14.944	0	0	0	0
14.960	0	0	0	0
14.979	0	0	0	0
14.995	0	0	0	0
15.018	0	0	0	0
15.032	0	0	0	0
15.053	0	0	0	0
15.071	0	0	0	0
15.092	0	0	0	0
15.118	0	0	0	0
15.137	0	0	0	0
15.154	0	0	0	0
15.172	0	0	0	0
15.190	0	0	0	0
15.210	0	0	0	0
15.228	0	0	0	0
15.244	0	0	0	0
15.264	0	0	0	0
15.281	0	0	0	0
15.297	0	0	0	0
15.315	0	0	0	0
15.334	0	0	0	0
15.356	0	0	0	0
15.372	0	0	0	0
15.391	0	0	0	0
15.408	0	0	0	0
15.427	0	0	0	0
15.446	0	0	0	0
15.463	0	0	0	0
15.483	0	0	0	0
15.506	0	0	0	0
15.525	0	0	0	0
15.539	0	0	0	0
15.559	0	0	0	0
15.573	0	0	0	0
15.594	0	0	0	0
15.610	0	0	0	0
15.632	0	0	0	0
15.649	0	0	0	0
15.668	0	0	0	0
15.682	0	0	0	0
15.700	0	0	0	0
15.718	0	0	0	0
15.735	0	0	0	0
15.754	0	0	0	0
15.774	0	0	0	0
15.793	0	0	0	0
15.817	0	0	0	0
15.834	0	0	0	0
15.852	0	0	0	0
15.870	0	0	0	0
15.889	0	0	0	0
15.906	0	0	0	0
15.927	0	0	0	0
15.944	0	0	0	0
15.963	0	0	0	0
15.982	0	0	0	0
15.999	0	0	0	0
16.021	0	0	0	0
16.038	0	0	0	0
16.055	0	0	0	0
16.073	0	0	0	0
16.092	0	0	0	0
16.113	0	0	0	0
16.133	0	0	0	0
16.155	0	0	0	0
16.174	0	0	0	0
16.193	0	0	0	0
16.220	0	0	0	0
16.241	0	0	0	0
16.263	0	0	0	0
16.285	0	0	0	0
16.307	0	0	0	0
16.330	0	0	0	0
16.350	0	0	0	0
16.368	0	0	0	0
16.390	0	0	0	0
16.412	0	0	0	0
16.432	0	0	0	0
16.450	0	0	0	0
16.467	0	0	0	0
16.484	0	0	0	0
16.504	0	0	0	0
16.528	0	0	0	0
16.553	0	0	0	0
16.575	0	0	0	0
16.597	0	0	0	0
16.614	0	0	0	0
16.630	0	0	0	0
16.648	0	0	0	0
16.667	0	0	0	0
16.686	0	0	0	0
16.709	0	0	0	0
16.729	0	0	0	0
16.745	0	0	0	0
16.770	0	0	0	0
16.788	0	0	0	0
16.802	0	0	0	0
16.819	0	0	0	0
16.835	0	0	0	0
16.856	0	0	0	0
16.874	0	0	0	0
16.896	0	0	0	0
16.912	0	0	0	0
16.930	0	0	0	0
16.945	0	0	0	0
16.965	0	0	0	0
16.981	0	0	0	0
16.997	0	0	0	0
17.012	0	0	0	0
17.032	0	0	0	0
17.047	0	0	0	0
17.064	0	0	0	0
17.082	0	0	0	0
17.098	0	0	0	0
17.116	0	0	0	0
17.137	0	0	0	0
17.156	0	0	0	0
17.177	0	0	0	0
17.196	0	0	0	0
17.214	0	0	0	0
17.234	0	0	0	0
17.253	0	0	0	0
17.277	0	0	0	0
17.299	0	0	0	0
17.321	0	0	0	0
17.340	0	0	0	0
17.359	0	0	0	0
17.376	0	0	0	0
17.396	0	0	0	0
17.418	0	0	0	0
17.439	0	0	0	0
17.464	0	0	0	0
17.484	0	0	0	0
17.504	0	0	0	0
17.522	0	0	0	0
17.540	0	0	0	0
17.558	0	0	0	0
17.574	0	0	0	0
17.589	0	0	0	0
17.607	0	0	0	0
17.625	0	0	0	0
17.651	0	0	0	0
17.670	0	0	0	0
17.689	0	0	0	0
17.707	0	0	0	0
17.725	0	0	0	0
17.740	0	0	0	0
17.759	0	0	0	0
17.774	0	0	0	0
17.793	0	0	0	0
17.809	0	0	0	0
17.832	0	0	0	0
17.848	0	0	0	0
17.864	0	0	0	0
17.879	0	0	0	0
17.902	0	0	0	0
17.918	0	0	0	0
17.938	0	0	0	0
17.955	0	0	0	0
17.973	0	0	0	0
17.986	0	0	0	0
18.005	0	0	0	0
18.022	0	0	0	0
18.043	0	0	0	0
18.059	0	0	0	0
18.080	0	0	0	0
18.096	0	0	0	0
18.120	0	0	0	0
18.141	0	0	0	0
18.161	0	0	0	0
18.183	0	0	0	0
18.198	0	0	0	0
18.215	0	0	0	0
18.241	0	0	0	0
18.258	0	0	0	0
18.277	0	0	0	0
18.296	0	0	0	0
18.316	0	0	0	0
18.332	0	0	0	0
18.348	0	0	0	0
18.370	0	0	0	0
18.386	0	0	0	0
18.404	0	0	0	0
18.419	0	0	0	0
18.441	0	0	0	0
18.457	0	0	0	0
18.478	0	0	0	0
18.494	0	0	0	0
18.512	0	0	0	0
18.527	0	0	0	0
18.547	0	0	0	0
18.569	0	0	0	0
18.586	0	0	0	0
18.604	0	0	0	0
18.623	0	0	0	0
18.642	0	0	0	0
18.665	0	0	0	0
18.680	0	0	0	0
18.698	0	0	0	0
18.712	0	0	0	0
18.729	0	0	0	0
18.747	0	0	0	0
18.763	0	0	0	0
18.778	0	0	0	0
18.797	0	0	0	0
18.812	0	0	0	0
18.831	0	0	0	0
18.848	0	0	0	0
18.875	0	0	0	0
18.892	0	0	0	0
18.911	0	0	0	0
18.926	0	0	0	0
18.944	0	0	0	0
18.960	0	0	0	0
18.978	0	0	0	0
18.995	0	0	0	0
19.012	0	0	0	0
19.028	0	0	0	0
19.046	0	0	0	0
19.065	0	0	0	0
19.082	0	0	0	0
19.100	0	0	0	0
19.122	0	0	0	0
19.143	0	0	0	0
19.165	0	0	0	0
19.181	0	0	0	0
19.203	0	0	0	0
19.226	0	0	0	0
19.242	0	0	0	0
19.257	0	0	0	0
19.274	0	0	0	0
19.292	0	0	0	0
19.309	0	0	0	0
19.326	0	0	0	0
19.344	0	0	0	0
19.363	0	0	0	0
19.381	0	0	0	0
19.408	0	0	0	0
19.423	0	0	0	0
19.437	0	0	0	0
19.452	0	0	0	0
19.471	0	0	0	0
19.491	0	0	0	0
19.509	0	0	0	0
19.526	0	0	0	0
19.550	0	0	0	0
19.566	0	0	0	0
19.585	0	0	0	0
19.604	0	0	0	0
19.624	0	0	0	0
19.641	0	0	0	0
19.660	0	0	0	0
19.678	0	0	0	0
19.696	0	0	0	0
19.712	0	0	0	0
19.734	0	0	0	0
19.752	0	0	0	0
19.767	0	0	0	0
19.783	0	0	0	0
19.802	0	0	0	0
19.819	0	0	0	0
19.838	0	0	0	0
19.854	0	0	0	0
19.874	0	0	0	0
19.890	0	0	0	0
19.908	0	0	0	0
19.926	0	0	0	0
19.943	0	0	0	0
19.959	0	0	0	0
19.976	0	0	0	0
19.993	0	0	0	0
20.010	0	0	0	0
20.027	0	0	0	0
20.042	0	0	0	0
20.061	0	0	0	0
20.076	0	0	0	0
20.093	0	0	0	0
20.107	0	0	0	0
20.127	0	0	0	0
20.143	0	0	0	0
20.160	0	0	0	0
20.176	0	0	0	0
20.193	0	0	0	0
20.213	0	0	0	0
20.229	0	0	0	0
20.248	0	0	0	0
20.268	0	0	0	0
20.285	0	0	0	0
20.302	0	0	0	0
20.320	0	0	0	0
20.341	0	0	0	0
20.356	0	0	0	0
20.377	0	0	0	0
20.392	0	0	0	0
20.412	0	0	0	0
20.431	0	0	0	0
20.452	0	0	0	0
20.472	0	0	0	0
20.493	0	0	0	0
20.510	0	0	0	0
20.528	0	0	0	0
20.546	0	0	0	0
20.564	0	0	0	0
20.581	0	0	0	0
20.598	0	0	0	0
20.615	0	0	0	0
20.634	0	0	0	0
20.655	0	0	0	0
20.674	0	0	0	0
20.691	0	0	0	0
20.712	0	0	0	0
20.727	0	0	0	0
20.747	0	0	0	0
20.766	0	0	0	0
20.783	0	0	0	0
20.799	0	0	0	0
20.819	0	0	0	0
20.843	0	0	0	0
20.862	0	0	0	0
20.880	0	0	0	0
20.895	0	0	0	0
20.914	0	0	0	0
20.936	0	0	0	0
20.955	0	0	0	0
20.977	0	0	0	0
20.998	0	0	0	0
21.018	0	0	0	0
21.036	0	0	0	0
21.055	0	0	0	0
21.074	0	0	0	0
21.092	0	0	0	0
21.113	0	0	0	0
21.132	0	0	0	0
21.150	0	0	0	0
21.170	0	0	0	0
21.187	0	0	0	0
21.203	0	0	0	0
21.218	0	0	0	0
21.232	0	0	0	0
21.252	0	0	0	0
21.270	0	0	0	0
21.288	0	0	0	0
21.310	0	0	0	0
21.330	0	0	0	0
21.345	0	0	0	0
21.366	0	0	0	0
21.386	0	0	0	0
21.399	0	0	0	0
21.424	0	0	0	0
21.437	0	0	0	0
21.454	0	0	0	0
21.472	0	0	0	0
21.491	0	0	0	0
21.509	0	0	0	0
21.525	0	0	0	0
21.542	0	0	0	0
21.562	0	0	0	0
21.578	0	0	0	0
21.599	0	0	0	0
21.616	0	0	0	0
21.638	0	0	0	0
21.652	0	0	0	0
21.671	0	0	0	0
21.691	0	0	0	0
21.708	0	0	0	0
21.727	0	0	0	0
21.743	0	0	0	0
21.765	0	0	0	0
21.785	0	0	0	0
21.800	0	0	0	0
21.824	0	0	0	0
21.840	0	0	0	0
21.858	0	0	0	0
21.872	0	0	0	0
21.891	0	0	0	0
21.907	0	0	0	0
21.924	0	0	0	0
21.946	0	0	0	0
21.964	0	0	0	0
21.981	0	0	0	0
22.001	0	0	0	0
22.016	0	0	0	0
22.035	0	0	0	0
22.051	0	0	0	0
22.074	0	0	0	0
22.091	0	0	0	0
22.111	0	0	0	0
22.128	0	0	0	0
22.146	0	0	0	0
22.159	0	0	0	0
22.176	0	0	0	0
22.193	0	0	0	0
22.209	0	0	0	0
22.226	0	0	0	0
22.243	0	0	0	0
22.261	0	0	0	0
22.279	0	0	0	0
22.295	0	0	0	0
22.314	0	0	0	0
22.331	0	0	0	0
22.350	0	0	0	0
22.367	0	0	0	0
22.388	0	0	0	0
22.408	0	0	0	0
22.428	0	0	0	0
22.448	0	0	0	0
22.470	0	0	0	0
22.490	0	0	0	0
22.509	0	0	0	0
22.525	0	0	0	0
22.545	0	0	0	0
22.569	0	0	0	0
22.587	0	0	0	0
22.607	0	0	0	0
22.623	0	0	0	0
22.639	0	0	0	0
22.659	0	0	0	0
22.681	0	0	0	0
22.700	0	0	0	0
22.716	0	0	0	0
22.733	0	0	0	0
22.751	0	0	0	0
22.772	0	0	0	0
22.789	0	0	0	0
22.804	0	0	0	0
22.820	0	0	0	0
22.839	0	0	0	0
22.860	0	0	0	0
22.876	0	0	0	0
22.897	0	0	0	0
22.912	0	0	0	0
22.931	0	0	0	0
22.955	0	0	0	0
22.976	0	0	0	0
22.989	0	0	0	0
23.008	0	0	0	0
23.024	0	0	0	0
23.038	0	0	0	0
23.051	0	0	0	0
23.071	0	0	0	0
23.093	0	0	0	0
23.114	0	0	0	0
23.129	0	0	0	0
23.148	0	0	0	0
23.165	0	0	0	0
23.189	0	0	0	0
23.204	0	0	0	0
23.223	0	0	0	0
23.239	0	0	0	0
23.260	0	0	0	0
23.280	0	0	0	0
23.298	0	0	0	0
23.315	0	0	0	0
23.334	0	0	0	0
23.349	0	0	0	0
23.368	0	0	0	0
23.383	0	0	0	0
23.402	0	0	0	0
23.418	0	0	0	0
23.441	0	0	0	0
23.460	0	0	0	0
23.478	0	0	0	0
23.497	0	0	0	0
23.514	0	0	0	0
23.529	0	0	0	0
23.545	0	0	0	0
23.565	0	0	0	0
23.584	0	0	0	0
23.604	0	0	0	0
23.623	0	0	0	0
23.639	0	0	0	0
23.657	0	0	0	0
23.672	0	0	0	0
23.697	0	0	0	0
23.713	0	0	0	0
23.728	0	0	0	0
23.744	0	0	0	0
23.765	0	0	0	0
23.779	0	0	0	0
23.794	0	0	0	0
23.812	0	0	0	0
23.826	0	0	0	0
23.842	0	0	0	0
23.862	0	0	0	0
23.880	0	0	0	0
23.896	0	0	0	0
23.913	0	0	0	0
23.928	0	0	0	0
23.949	0	0	0	0
23.972	0	0	0	0
23.995	0	0	0	0
24.012	0	0	0	0
24.029	0	0	0	0
24.049	0	0	0	0
24.067	0	0	0	0
24.089	0	0	0	0
24.104	0	0	0	0
24.123	0	0	0	0
24.138	0	0	0	0
24.161	0	0	0	0
24.177	0	0	0	0
24.197	0	0	0	0
24.213	0	0	0	0
24.232	0	0	0	0
24.248	0	0	0	0
24.267	0	0	0	0
24.282	0	0	0	0
24.297	0	0	0	0
24.314	0	0	0	0
24.330	0	0	0	0
24.350	0	0	0	0
24.365	0	0	0	0
24.383	0	0	0	0
24.399	0	0	0	0
24.415	0	0	0	0
24.432	0	0	0	0
24.451	0	0	0	0
24.467	0	0	0	0
24.484	0	0	0	0
24.502	0	0	0	0
24.524	0	0	0	0
24.541	0	0	0	0
24.560	0	0	0	0
24.576	0	0	0	0
24.593	0	0	0	0
24.609	0	0	0	0
24.628	0	0	0	0
24.644	0	0	0	0
24.666	0	0	0	0
24.681	0	0	0	0
24.700	0	0	0	0
24.715	0	0	0	0
24.735	0	0	0	0
24.749	0	0	0	0
24.770	0	0	0	0
24.785	0	0	0	0
24.805	0	0	0	0
24.822	0	0	0	0
24.840	0	0	0	0
24.854	0	0	0	0
24.871	0	0	0	0
24.890	0	0	0	0
24.907	0	0	0	0
24.927	0	0	0	0
24.943	0	0	0	0
24.963	0	0	0	0
24.987	0	0	0	0
25.000	0	0	0	0
25.019	0	0	0	0
25.036	0	0	0	0
25.056	0	0	0	0
25.071	0	0	0	0
25.089	0	0	0	0
25.108	0	0	0	0
25.127	0	0	0	0
25.143	0	0	0	0
25.162	0	0	0	0
25.181	0	0	0	0
25.198	0	0	0	0
25.215	0	0	0	0
25.228	0	0	0	0
25.248	0	0	0	0
25.264	0	0	0	0
25.281	0	0	0	0
25.296	0	0	0	0
25.316	0	0	0	0
25.331	0	0	0	0
25.353	0	0	0	0
25.372	0	0	0	0
25.388	0	0	0	0
25.404	0	0	0	0
25.423	0	0	0	0
25.439	0	0	0	0
25.462	0	0	0	0
25.477	0	0	0	0
25.497	0	0	0	0
25.519	0	0	0	0
25.537	0	0	0	0
25.554	0	0	0	0
25.569	0	0	0	0
25.586	0	0	0	0
25.606	0	0	0	0
25.624	0	0	0	0
25.644	0	0	0	0
25.661	0	0	0	0
25.679	0	0	0	0
25.695	0	0	0	0
25.719	0	0	0	0
25.736	0	0	0	0
25.752	0	0	0	0
25.768	0	0	0	0
25.787	0	0	0	0
25.804	0	0	0	0
25.821	0	0	0	0
25.837	0	0	0	0
25.856	0	0	0	0
25.870	0	0	0	0
25.889	0	0	0	0
25.908	0	0	0	0
25.928	0	0	0	0
25.947	0	0	0	0
25.965	0	0	0	0
25.981	0	0	0	0
26.000	0	0	0	0
26.016	0	0	0	0
26.034	0	0	0	0
26.052	0	0	0	0
26.069	0	0	0	0
26.084	0	0	0	0
26.105	0	0	0	0
26.124	0	0	0	0
26.143	0	0	0	0
26.158	0	0	0	0
26.179	0	0	0	0
26.198	0	0	0	0
26.217	0	0	0	0
26.234	0	0	0	0
26.254	0	0	0	0
26.275	0	0	0	0
26.292	0	0	0	0
26.310	0	0	0	0
26.326	0	0	0	0
26.348	0	0	0	0
26.368	0	0	0	0
26.385	0	0	0	0
26.403	0	0	0	0
26.421	0	0	0	0
26.439	0	0	0	0
26.454	0	0	0	0
26.472	0	0	0	0
26.485	0	0	0	0
26.503	0	0	0	0
26.517	0	0	0	0
26.535	0	0	0	0
26.556	0	0	0	0
26.571	0	0	0	0
26.587	0	0	0	0
26.604	0	0	0	0
26.620	0	0	0	0
26.639	0	0	0	0
26.655	0	0	0	0
26.671	0	0	0	0
26.689	0	0	0	0
26.704	0	0	0	0
26.723	0	0	0	0
26.738	0	0	0	0
26.758	0	0	0	0
26.775	0	0	0	0
26.796	0	0	0	0
26.816	0	0	0	0
26.834	0	0	0	0
26.853	0	0	0	0
26.871	0	0	0	0
26.887	0	0	0	0
26.904	0	0	0	0
26.920	0	0	0	0
26.936	0	0	0	0
26.955	0	0	0	0
26.976	0	0	0	0
26.998	0	0	0	0
27.016	0	0	0	0
27.045	0	0	0	0
27.063	0	0	0	0
27.082	0	0	0	0
27.101	0	0	0	0
27.127	0	0	0	0
27.146	0	0	0	0
27.168	0	0	0	0
27.193	0	0	0	0
27.209	0	0	0	0
27.233	0	0	0	0
27.255	0	0	0	0
27.272	0	0	0	0
27.291	0	0	0	0
27.307	0	0	0	0
27.325	0	0	0	0
27.342	0	0	0	0
27.360	0	0	0	0
27.376	0	0	0	0
27.395	0	0	0	0
27.411	0	0	0	0
27.430	0	0	0	0
27.448	0	0	0	0
27.468	0	0	0	0
27.483	0	0	0	0
27.502	0	0	0	0
27.519	0	0	0	0
27.536	0	0	0	0
27.553	0	0	0	0
27.571	0	0	0	0
27.590	0	0	0	0
27.612	0	0	0	0
27.630	0	0	0	0
27.648	0	0	0	0
27.666	0	0	0	0
27.687	0	0	0	0
27.704	0	0	0	0
27.722	0	0	0	0
27.737	0	0	0	0
27.760	0	0	0	0
27.777	0	0	0	0
27.796	0	0	0	0
27.810	0	0	0	0
27.828	0	0	0	0
27.845	0	0	0	0
27.866	0	0	0	0
27.883	0	0	0	0
27.903	0	0	0	0
27.918	0	0	0	0
27.936	0	0	0	0
27.954	0	0	0	0
27.973	0	0	0	0
27.995	0	0	0	0
28.015	0	0	0	0
28.032	0	0	0	0
28.051	0	0	0	0
28.070	0	0	0	0
28.090	0	0	0	0
28.106	0	0	0	0
28.127	0	0	0	0
28.144	0	0	0	0
28.164	0	0	0	0
28.190	0	0	0	0
28.205	0	0	0	0
28.232	0	0	0	0
28.249	0	0	0	0
28.270	0	0	0	0
28.286	0	0	0	0
28.304	0	0	0	0
28.320	0	0	0	0
28.339	0	0	0	0
28.355	0	0	0	0
28.376	0	0	0	0
28.392	0	0	0	0
28.411	0	0	0	0
28.426	0	0	0	0
28.445	0	0	0	0
28.464	0	0	0	0
28.481	0	0	0	0
28.497	0	0	0	0
28.515	0	0	0	0
28.530	0	0	0	0
28.546	0	0	0	0
28.560	0	0	0	0
28.581	0	0	0	0
28.599	0	0	0	0
28.620	0	0	0	0
28.636	0	0	0	0
28.654	0	0	0	0
28.673	0	0	0	0
28.696	0	0	0	0
28.715	0	0	0	0
28.734	0	0	0	0
28.751	0	0	0	0
28.773	0	0	0	0
28.796	0	0	0	0
28.814	0	0	0	0
28.834	0	0	0	0
28.851	0	0	0	0
28.875	0	0	0	0
28.894	0	0	0	0
28.914	0	0	0	0
28.939	0	0	0	0
28.959	0	0	0	0
28.981	0	0	0	0
28.999	0	0	0	0
29.024	0	0	0	0
29.040	0	0	0	0
29.059	0	0	0	0
29.078	0	0	0	0
29.096	0	0	0	0
29.111	0	0	0	0
29.132	0	0	0	0
29.152	0	0	0	0
29.168	0	0	0	0
29.182	0	0	0	0
29.204	0	0	0	0
29.221	0	0	0	0
29.243	0	0	0	0
29.265	0	0	0	0
29.287	0	0	0	0
29.306	0	0	0	0
29.321	0	0	0	0
29.341	0	0	0	0
29.357	0	0	0	0
29.379	0	0	0	0
29.397	0	0	0	0
29.422	0	0	0	0
29.439	0	0	0	0
29.456	0	0	0	0
29.471	0	0	0	0
29.488	0	0	0	0
29.504	0	0	0	0
29.520	0	0	0	0
29.538	0	0	0	0
29.554	0	0	0	0
29.572	0	0	0	0
29.587	0	0	0	0
29.603	0	0	0	0
29.621	0	0	0	0
29.641	0	0	0	0
29.663	0	0	0	0
29.680	0	0	0	0
29.702	0	0	0	0
29.717	0	0	0	0
29.737	0	0	0	0
29.757	0	0	0	0
29.775	0	0	0	0
29.791	0	0	0	0
29.811	0	0	0	0
29.827	0	0	0	0
29.845	0	0	0	0
29.865	0	0	0	0
29.883	0	0	0	0
29.898	0	0	0	0
29.916	0	0	0	0
29.930	0	0	0	0
29.947	0	0	0	0
29.963	0	0	0	0
29.978	0	0	0	0
29.999	0	0	0	0
30.021	0	0	0	0
30.038	0	0	0	0
30.058	0	0	0	0
30.077	0	0	0	0
30.094	0	0	0	0
30.111	0	0	0	0
30.134	0	0	0	0
30.151	0	0	0	0
30.170	0	0	0	0
30.190	0	0	0	0
30.208	0	0	0	0
30.223	0	0	0	0
30.246	0	0	0	0
30.269	0	0	0	0
30.291	0	0	0	0
30.315	0	0	0	0
30.336	0	0	0	0
30.354	0	0	0	0
30.372	0	0	0	0
30.391	0	0	0	0
30.408	0	0	0	0
30.431	0	0	0	0
30.448	0	0	0	0
30.469	0	0	0	0
30.486	0	0	0	0
30.504	0	0	0	0
30.521	0	0	0	0
30.538	0	0	0	0
30.561	0	0	0	0
30.579	0	0	0	0
30.600	0	0	0	0
30.616	0	0	0	0
30.635	0	0	0	0
30.652	0	0	0	0
30.673	0	0	0	0
30.690	0	0	0	0
30.712	0	0	0	0
30.726	0	0	0	0
30.745	0	0	0	0
30.763	0	0	0	0
30.786	0	0	0	0
30.804	0	0	0	0
30.827	0	0	0	0
30.843	0	0	0	0
30.868	0	0	0	0
30.888	0	0	0	0
30.904	0	0	0	0
30.923	0	0	0	0
30.937	0	0	0	0
30.961	0	0	0	0
30.979	0	0	0	0
31.002	0	0	0	0
31.017	0	0	0	0
31.037	0	0	0	0
31.054	0	0	0	0
31.074	0	0	0	0
31.093	0	0	0	0
31.111	0	0	0	0
31.127	0	0	0	0
31.147	0	0	0	0
31.171	0	0	0	0
31.189	0	0	0	0
31.210	0	0	0	0
31.229	0	0	0	0
31.253	0	0	0	0
31.273	0	0	0	0
31.296	0	0	0	0
31.317	0	0	0	0
31.333	0	0	0	0
31.358	0	0	0	0
31.374	0	0	0	0
31.395	0	0	0	0
31.413	0	0	0	0
31.431	0	0	0	0
31.446	0	0	0	0
31.466	0	0	0	0
31.485	0	0	0	0
31.507	0	0	0	0
31.524	0	0	0	0
31.545	0	0	0	0
31.567	0	0	0	0
31.587	0	0	0	0
31.605	0	0	0	0
31.621	0	0	0	0
31.640	0	0	0	0
31.657	0	0	0	0
31.675	0	0	0	0
31.692	0	0	0	0
31.708	0	0	0	0
31.723	0	0	0	0
31.739	0	0	0	0
31.759	0	0	0	0
31.773	0	0	0	0
31.792	0	0	0	0
31.807	0	0	0	0
31.826	0	0	0	0
31.842	0	0	0	0
31.859	0	0	0	0
31.876	0	0	0	0
31.891	0	0	0	0
31.910	0	0	0	0
31.927	0	0	0	0
31.947	0	0	0	0
31.965	0	0	0	0
31.980	0	0	0	0
32.004	0	0	0	0
32.020	0	0	0	0
32.038	0	0	0	0
32.055	0	0	0	0
32.071	0	0	0	0
32.086	0	0	0	0
32.101	0	0	0	0
32.118	0	0	0	0
32.133	0	0	0	0
32.153	0	0	0	0
32.168	0	0	0	0
32.188	0	0	0	0
32.203	0	0	0	0
32.223	0	0	0	0
32.239	0	0	0	0
32.260	0	0	0	0
32.279	0	0	0	0
32.295	0	0	0	0
32.311	0	0	0	0
32.327	0	0	0	0
32.347	0	0	0	0
32.366	0	0	0	0
32.386	0	0	0	0
32.407	0	0	0	0
32.421	0	0	0	0
32.442	0	0	0	0
32.459	0	0	0	0
32.478	0	0	0	0
32.500	0	0	0	0
32.522	0	0	0	0
32.539	0	0	0	0
32.558	0	0	0	0
32.583	0	0	0	0
32.603	0	0	0	0
32.620	0	0	0	0
32.637	0	0	0	0
32.657	0	0	0	0
32.673	0	0	0	0
32.691	0	0	0	0
32.708	0	0	0	0
32.731	0	0	0	0
32.747	0	0	0	0
32.765	0	0	0	0
32.781	0	0	0	0
32.802	0	0	0	0
32.819	0	0	0	0
32.842	0	0	0	0
32.857	0	0	0	0
32.875	0	0	0	0
32.892	0	0	0	0
32.912	0	0	0	0
32.927	0	0	0	0
32.949	0	0	0	0
32.963	0	0	0	0
32.982	0	0	0	0
33.000	0	0	0	0
33.021	0	0	0	0
33.041	0	0	0	0
33.059	0	0	0	0
33.076	0	0	0	0
33.097	0	0	0	0
33.125	0	0	0	0
33.143	0	0	0	0
33.165	0	0	0	0
33.181	0	0	0	0
33.202	0	0	0	0
33.221	0	0	0	0
33.242	0	0	0	0
33.264	0	0	0	0
33.281	0	0	0	0
33.299	0	0	0	0
33.315	0	0	0	0
33.331	0	0	0	0
33.350	0	0	0	0
33.368	0	0	0	0
33.389	0	0	0	0
33.409	0	0	0	0
33.425	0	0	0	0
33.444	0	0	0	0
33.459	0	0	0	0
33.480	0	0	0	0
33.497	0	0	0	0
33.517	0	0	0	0
33.535	0	0	0	0
33.552	0	0	0	0
33.569	0	0	0	0
33.586	0	0	0	0
33.601	0	0	0	0
33.620	0	0	0	0
33.636	0	0	0	0
33.654	0	0	0	0
33.672	0	0	0	0
33.688	0	0	0	0
33.706	0	0	0	0
33.726	0	0	0	0
33.745	0	0	0	0
33.761	0	0	0	0
33.782	0	0	0	0
33.798	0	0	0	0
33.817	0	0	0	0
33.835	0	0	0	0
33.853	0	0	0	0
33.872	0	0	0	0
33.890	0	0	0	0
33.906	0	0	0	0
33.925	0	0	0	0
33.943	0	0	0	0
33.961	0	0	0	0
33.983	0	0	0	0
34.000	0	0	0	0
34.019	0	0	0	0
34.036	0	0	0	0
34.053	0	0	0	0
34.069	0	0	0	0
34.085	0	0	0	0
34.107	0	0	0	0
34.122	0	0	0	0
34.140	0	0	0	0
34.160	0	0	0	0
34.179	0	0	0	0
34.196	0	0	0	0
34.216	0	0	0	0
34.235	0	0	0	0
34.253	0	0	0	0
34.272	0	0	0	0
34.290	0	0	0	0
34.307	0	0	0	0
34.322	0	0	0	0
34.343	0	0	0	0
34.362	0	0	0	0
34.380	0	0	0	0
34.395	0	0	0	0
34.418	0	0	0	0
34.432	0	0	0	0
34.451	0	0	0	0
34.468	0	0	0	0
34.487	0	0	0	0
34.505	0	0	0	0
34.529	0	0	0	0
34.542	0	0	0	0
34.562	0	0	0	0
34.579	0	0	0	0
34.594	0	0	0	0
34.611	0	0	0	0
34.628	0	0	0	0
34.643	0	0	0	0
34.661	0	0	0	0
34.679	0	0	0	0
34.697	0	0	0	0
34.724	0	0	0	0
34.746	0	0	0	0
34.762	0	0	0	0
34.782	0	0	0	0
34.798	0	0	0	0
34.821	0	0	0	0
34.836	0	0	0	0
34.859	0	0	0	0
34.880	0	0	0	0
34.896	0	0	0	0
34.913	0	0	0	0
34.932	0	0	0	0
34.951	0	0	0	0
34.971	0	0	0	0
34.989	0	0	0	0
35.004	0	0	0	0
35.020	0	0	0	0
35.044	0	0	0	0
35.059	0	0	0	0
35.076	0	0	0	0
35.091	0	0	0	0
35.111	0	0	0	0
35.130	0	0	0	0
35.143	0	0	0	0
35.158	0	0	0	0
35.180	0	0	0	0
35.195	0	0	0	0
35.213	0	0	0	0
35.235	0	0	0	0
35.257	0	0	0	0
35.279	0	0	0	0
35.295	0	0	0	0
35.313	0	0	0	0
35.330	0	0	0	0
35.344	0	0	0	0
35.366	0	0	0	0
35.382	0	0	0	0
35.397	0	0	0	0
35.414	0	0	0	0
35.432	0	0	0	0
35.449	0	0	0	0
35.470	0	0	0	0
35.487	0	0	0	0
35.503	0	0	0	0
35.518	0	0	0	0
35.536	0	0	0	0
35.558	0	0	0	0
35.578	0	0	0	0
35.593	0	0	0	0
35.615	0	0	0	0
35.638	0	0	0	0
35.653	0	0	0	0
35.669	0	0	0	0
35.686	0	0	0	0
35.700	0	0	0	0
35.721	0	0	0	0
35.742	0	0	0	0
35.762	0	0	0	0
35.782	0	0	0	0
35.799	0	0	0	0
35.817	0	0	0	0
35.832	0	0	0	0
35.847	0	0	0	0
35.867	0	0	0	0
35.881	0	0	0	0
35.898	0	0	0	0
35.917	0	0	0	0
35.938	0	0	0	0
35.957	0	0	0	0
35.979	0	0	0	0
36.002	0	0	0	0
36.024	0	0	0	0
36.048	0	0	0	0
36.064	0	0	0	0
36.083	0	0	0	0
36.102	0	0	0	0
36.123	0	0	0	0
36.142	0	0	0	0
36.158	0	0	0	0
36.172	0	0	0	0
36.192	0	0	0	0
36.211	0	0	0	0
36.229	0	0	0	0
36.251	0	0	0	0
36.268	0	0	0	0
36.290	0	0	0	0
36.309	0	0	0	0
36.327	0	0	0	0
36.346	0	0	0	0
36.364	0	0	0	0
36.381	0	0	0	0
36.400	0	0	0	0
36.414	0	0	0	0
36.432	0	0	0	0
36.449	0	0	0	0
36.470	0	0	0	0
36.485	0	0	0	0
36.503	0	0	0	0
36.520	0	0	0	0
36.539	0	0	0	0
36.560	0	0	0	0
36.576	0	0	0	0
36.591	0	0	0	0
36.608	0	0	0	0
36.626	0	0	0	0
36.643	0	0	0	0
36.659	0	0	0	0
36.678	0	0	0	0
36.706	0	0	0	0
36.727	0	0	0	0
36.746	0	0	0	0
36.764	0	0	0	0
36.789	0	0	0	0
36.806	0	0	0	0
36.820	0	0	0	0
36.839	0	0	0	0
36.853	0	0	0	0
36.873	0	0	0	0
36.886	0	0	0	0
36.907	0	0	0	0
36.922	0	0	0	0
36.942	0	0	0	0
36.960	0	0	0	0
36.978	0	0	0	0
36.993	0	0	0	0
37.018	0	0	0	0
37.034	0	0	0	0
37.057	0	0	0	0
37.073	0	0	0	0
37.094	0	0	0	0
37.119	0	0	0	0
37.135	0	0	0	0
37.155	0	0	0	0
37.171	0	0	0	0
37.189	0	0	0	0
37.204	0	0	0	0
37.229	0	0	0	0
37.242	0	0	0	0
37.262	0	0	0	0
37.278	0	0	0	0
37.300	0	0	0	0
37.317	0	0	0	0
37.336	0	0	0	0
37.355	0	0	0	0
37.377	0	0	0	0
37.399	0	0	0	0
37.417	0	0	0	0
37.437	0	0	0	0
37.456	0	0	0	0
37.474	0	0	0	0
37.493	0	0	0	0
37.511	0	0	0	0
37.527	0	0	0	0
37.547	0	0	0	0
37.566	0	0	0	0
37.583	0	0	0	0
37.604	0	0	0	0
37.622	0	0	0	0
37.640	0	0	0	0
37.658	0	0	0	0
37.676	0	0	0	0
37.697	0	0	0	0
37.714	0	0	0	0
37.733	0	0	0	0
37.748	0	0	0	0
37.767	0	0	0	0
37.784	0	0	0	0
37.804	0	0	0	0
37.821	0	0	0	0
37.839	0	0	0	0
37.855	0	0	0	0
37.879	0	0	0	0
37.896	0	0	0	0
37.913	0	0	0	0
37.934	0	0	0	0
37.956	0	0	0	0
37.973	0	0	0	0
37.991	0	0	0	0
38.011	0	0	0	0
38.029	0	0	0	0
38.053	0	0	0	0
38.074	0	0	0	0
38.094	0	0	0	0
38.115	0	0	0	0
38.145	0	0	0	0
38.163	0	0	0	0
38.181	0	0	0	0
38.204	0	0	0	0
38.225	0	0	0	0
38.245	0	0	0	0
38.263	0	0	0	0
38.285	0	0	0	0
38.312	0	0	0	0
38.333	0	0	0	0
38.356	0	0	0	0
38.377	0	0	0	0
38.399	0	0	0	0
38.424	0	0	0	0
38.443	0	0	0	0
38.470	0	0	0	0
38.501	0	0	0	0
38.527	0	0	0	0
38.555	0	0	0	0
38.574	0	0	0	0
38.603	0	0	0	0
38.631	0	0	0	0
38.659	0	0	0	0
38.680	0	0	0	0
38.709	0	0	0	0
38.730	0	0	0	0
38.764	0	0	0	0
38.788	0	0	0	0
38.809	0	0	0	0
38.834	0	0	0	0
38.860	0	0	0	0
38.884	0	0	0	0
38.904	0	0	0	0
38.930	0	0	0	0
38.954	0	0	0	0
38.976	0	0	0	0
39.001	0	0	0	0
39.029	0	0	0	0
39.050	0	0	0	0
39.071	0	0	0	0
39.087	0	0	0	0
39.105	0	0	0	0
39.121	0	0	0	0
39.142	0	0	0	0
39.170	0	0	0	0
39.185	0	0	0	0
39.211	0	0	0	0
39.233	0	0	0	0
39.254	0	0	0	0
39.279	0	0	0	0
39.300	0	0	0	0
39.325	0	0	0	0
39.351	0	0	0	0
39.370	0	0	0	0
39.398	0	0	0	0
39.419	0	0	0	0
39.435	0	0	0	0
39.457	0	0	0	0
39.473	0	0	0	0
39.493	0	0	0	0
39.513	0	0	0	0
39.533	0	0	0	0
39.547	0	0	0	0
39.565	0	0	0	0
39.581	0	0	0	0
39.599	0	0	0	0
39.614	0	0	0	0
39.630	0	0	0	0
39.647	0	0	0	0
39.662	0	0	0	0
39.683	0	0	0	0
39.701	0	0	0	0
39.722	0	0	0	0
39.746	0	0	0	0
39.761	0	0	0	0
39.779	0	0	0	0
39.797	0	0	0	0
39.815	0	0	0	0
39.833	0	0	0	0
39.850	0	0	0	0
39.865	0	0	0	0
39.883	0	0	0	0
39.903	0	0	0	0
39.919	0	0	0	0
39.936	0	0	0	0
39.954	0	0	0	0
39.975	0	0	0	0
39.995	0	0	0	0
40.012	0	0	0	0
40.033	0	0	0	0
40.049	0	0	0	0
40.072	0	0	0	0
40.090	0	0	0	0
40.108	0	0	0	0
40.129	0	0	0	0
40.149	0	0	0	0
40.171	0	0	0	0
40.187	0	0	0	0
40.202	0	0	0	0
40.224	0	0	0	0
40.241	0	0	0	0
40.256	0	0	0	0
40.277	0	0	0	0
40.294	0	0	0	0
40.312	0	0	0	0
40.333	0	0	0	0
40.352	0	0	0	0
40.369	0	0	0	0
40.386	0	0	0	0
40.404	0	0	0	0
40.421	0	0	0	0
40.436	0	0	0	0
40.451	0	0	0	0
40.469	0	0	0	0
40.483	0	0	0	0
40.501	0	0	0	0
40.517	0	0	0	0
40.539	0	0	0	0
40.559	0	0	0	0
40.577	0	0	0	0
40.596	0	0	0	0
40.618	0	0	0	0
40.634	0	0	0	0
40.654	0	0	0	0
40.678	0	0	0	0
40.698	0	0	0	0
40.718	0	0	0	0
40.735	0	0	0	0
40.756	0	0	0	0
40.772	0	0	0	0
40.792	0	0	0	0
40.807	0	0	0	0
40.824	0	0	0	0
40.840	0	0	0	0
40.860	0	0	0	0
40.878	0	0	0	0
40.894	0	0	0	0
40.913	0	0	0	0
40.933	0	0	0	0
40.954	0	0	0	0
40.976	0	0	0	0
40.992	0	0	0	0
41.010	0	0	0	0
41.025	0	0	0	0
41.043	0	0	0	0
41.060	0	0	0	0
41.081	0	0	0	0
41.096	0	0	0	0
41.115	0	0	0	0
41.130	0	0	0	0
41.152	0	0	0	0
41.171	0	0	0	0
41.189	0	0	0	0
41.206	0	0	0	0
41.227	0	0	0	0
41.243	0	0	0	0
41.267	0	0	0	0
41.285	0	0	0	0
41.303	0	0	0	0
41.321	0	0	0	0
41.339	0	0	0	0
41.353	0	0	0	0
41.373	0	0	0	0
41.394	0	0	0	0
41.412	0	0	0	0
41.431	0	0	0	0
41.449	0	0	0	0
41.466	0	0	0	0
41.486	0	0	0	0
41.503	0	0	0	0
41.524	0	0	0	0
41.546	0	0	0	0
41.570	0	0	0	0
41.595	0	0	0	0
41.613	0	0	0	0
41.631	0	0	0	0
41.648	0	0	0	0
41.667	0	0	0	0
41.688	0	0	0	0
41.716	0	0	0	0
41.734	0	0	0	0
41.752	0	0	0	0
41.780	0	0	0	0
41.804	0	0	0	0
41.822	0	0	0	0
41.840	0	0	0	0
41.860	0	0	0	0
41.886	0	0	0	0
41.909	0	0	0	0
41.926	0	0	0	0
41.949	0	0	0	0
41.966	0	0	0	0
41.984	0	0	0	0
42.001	0	0	0	0
42.024	0	0	0	0
42.042	0	0	0	0
42.059	0	0	0	0
42.075	0	0	0	0
42.095	0	0	0	0
42.113	0	0	0	0
42.129	0	0	0	0
42.144	0	0	0	0
42.174	0	0	0	0
42.192	0	0	0	0
42.206	0	0	0	0
42.228	0	0	0	0
42.249	0	0	0	0
42.270	0	0	0	0
42.286	0	0	0	0
42.304	0	0	0	0
42.320	0	0	0	0
42.339	0	0	0	0
42.362	0	0	0	0
42.385	0	0	0	0
42.409	0	0	0	0
42.432	0	0	0	0
42.451	0	0	0	0
42.468	0	0	0	0
42.492	0	0	0	0
42.510	0	0	0	0
42.532	0	0	0	0
42.551	0	0	0	0
42.571	0	0	0	0
42.593	0	0	0	0
42.611	0	0	0	0
42.632	0	0	0	0
42.649	0	0	0	0
42.668	0	0	0	0
42.685	0	0	0	0
42.703	0	0	0	0
42.720	0	0	0	0
42.741	0	0	0	0
42.760	0	0	0	0
42.778	0	0	0	0
42.797	0	0	0	0
42.813	0	0	0	0
42.829	0	0	0	0
42.851	0	0	0	0
42.868	0	0	0	0
42.884	0	0	0	0
42.899	0	0	0	0
42.918	0	0	0	0
42.939	0	0	0	0
42.956	0	0	0	0
42.973	0	0	0	0
42.993	0	0	0	0
43.007	0	0	0	0
43.030	0	0	0	0
43.047	0	0	0	0
43.069	0	0	0	0
43.084	0	0	0	0
43.108	0	0	0	0
43.126	0	0	0	0
43.143	0	0	0	0
43.165	0	0	0	0
43.182	0	0	0	0
43.199	0	0	0	0
43.217	0	0	0	0
43.233	0	0	0	0
43.250	0	0	0	0
43.267	0	0	0	0
43.285	0	0	0	0
43.303	0	0	0	0
43.322	0	0	0	0
43.340	0	0	0	0
43.357	0	0	0	0
43.377	0	0	0	0
43.393	0	0	0	0
43.412	0	0	0	0
43.430	0	0	0	0
43.447	0	0	0	0
43.463	0	0	0	0
43.481	0	0	0	0
43.499	0	0	0	0
43.522	0	0	0	0
43.540	0	0	0	0
43.559	0	0	0	0
43.577	0	0	0	0
43.596	0	0	0	0
43.614	0	0	0	0
43.638	0	0	0	0
43.660	0	0	0	0
43.681	0	0	0	0
43.695	0	0	0	0
43.712	0	0	0	0
43.728	0	0	0	0
43.747	0	0	0	0
43.763	0	0	0	0
43.781	0	0	0	0
43.799	0	0	0	0
43.820	0	0	0	0
43.839	0	0	0	0
43.856	0	0	0	0
43.877	0	0	0	0
43.896	0	0	0	0
43.914	0	0	0	0
43.931	0	0	0	0
43.946	0	0	0	0
43.964	0	0	0	0
43.979	0	0	0	0
43.997	0	0	0	0
44.015	0	0	0	0
44.034	0	0	0	0
44.049	0	0	0	0
44.067	0	0	0	0
44.083	0	0	0	0
44.101	0	0	0	0
44.119	0	0	0	0
44.139	0	0	0	0
44.154	0	0	0	0
44.175	0	0	0	0
44.190	0	0	0	0
44.208	0	0	0	0
44.223	0	0	0	0
44.245	0	0	0	0
44.265	0	0	0	0
44.285	0	0	0	0
44.301	0	0	0	0
44.322	0	0	0	0
44.338	0	0	0	0
44.360	0	0	0	0
44.376	0	0	0	0
44.399	0	0	0	0
44.426	0	0	0	0
44.440	0	0	0	0
44.460	0	0	0	0
44.474	0	0	0	0
44.490	0	0	0	0
44.508	0	0	0	0
44.531	0	0	0	0
44.546	0	0	0	0
44.562	0	0	0	0
44.578	0	0	0	0
44.594	0	0	0	0
44.615	0	0	0	0
44.629	0	0	0	0
44.648	0	0	0	0
44.664	0	0	0	0
44.681	0	0	0	0
44.695	0	0	0	0
44.712	0	0	0	0
44.731	0	0	0	0
44.748	0	0	0	0
44.765	0	0	0	0
44.790	0	0	0	0
44.808	0	0	0	0
44.827	0	0	0	0
44.843	0	0	0	0
44.864	0	0	0	0
44.880	0	0	0	0
44.899	0	0	0	0
44.915	0	0	0	0
44.935	0	0	0	0
44.951	0	0	0	0
44.970	0	0	0	0
44.984	0	0	0	0
45.000	0	0	0	0
45.018	0	0	0	0
45.036	0	0	0	0
45.053	0	0	0	0
45.074	0	0	0	0
45.091	0	0	0	0
45.109	0	0	0	0
45.128	0	0	0	0
45.147	0	0	0	0
45.162	0	0	0	0
45.182	0	0	0	0
45.197	0	0	0	0
45.214	0	0	0	0
45.228	0	0	0	0
45.246	0	0	0	0
45.263	0	0	0	0
45.279	0	0	0	0
45.298	0	0	0	0
45.316	0	0	0	0
45.332	0	0	0	0
45.350	0	0	0	0
45.374	0	0	0	0
45.388	0	0	0	0
45.409	0	0	0	0
45.429	0	0	0	0
45.448	0	0	0	0
45.469	0	0	0	0
45.487	0	0	0	0
45.505	0	0	0	0
45.519	0	0	0	0
45.538	0	0	0	0
45.557	0	0	0	0
45.576	0	0	0	0
45.594	0	0	0	0
45.611	0	0	0	0
45.631	0	0	0	0
45.650	0	0	0	0
45.665	0	0	0	0
45.687	0	0	0	0
45.706	0	0	0	0
45.725	0	0	0	0
45.742	0	0	0	0
45.760	0	0	0	0
45.781	0	0	0	0
45.802	0	0	0	0
45.826	0	0	0	0
45.844	0	0	0	0
45.865	0	0	0	0
45.884	0	0	0	0
45.904	0	0	0	0
45.921	0	0	0	0
45.942	0	0	0	0
45.959	0	0	0	0
45.975	0	0	0	0
45.993	0	0	0	0
46.012	0	0	0	0
46.026	0	0	0	0
46.044	0	0	0	0
46.071	0	0	0	0
46.092	0	0	0	0
46.110	0	0	0	0
46.127	0	0	0	0
46.142	0	0	0	0
46.159	0	0	0	0
46.177	0	0	0	0
46.197	0	0	0	0
46.217	0	0	0	0
46.237	0	0	0	0
46.259	0	0	0	0
46.283	0	0	0	0
46.308	0	0	0	0
46.330	0	0	0	0
46.351	0	0	0	0
46.369	0	0	0	0
46.395	0	0	0	0
46.412	0	0	0	0
46.430	0	0	0	0
46.449	0	0	0	0
46.464	0	0	0	0
46.483	0	0	0	0
46.500	0	0	0	0
46.522	0	0	0	0
46.540	0	0	0	0
46.559	0	0	0	0
46.577	0	0	0	0
46.594	0	0	0	0
46.612	0	0	0	0
46.634	0	0	0	0
46.654	0	0	0	0
46.675	0	0	0	0
46.691	0	0	0	0
46.708	0	0	0	0
46.729	0	0	0	0
46.749	0	0	0	0
46.771	0	0	0	0
46.788	0	0	0	0
46.812	0	0	0	0
46.834	0	0	0	0
46.859	0	0	0	0
46.880	0	0	0	0
46.903	0	0	0	0
46.922	0	0	0	0
46.940	0	0	0	0
46.956	0	0	0	0
46.975	0	0	0	0
46.996	0	0	0	0
47.017	0	0	0	0
47.041	0	0	0	0
47.060	0	0	0	0
47.078	0	0	0	0
47.099	0	0	0	0
47.121	0	0	0	0
47.145	0	0	0	0
47.163	0	0	0	0
47.183	0	0	0	0
47.204	0	0	0	0
47.219	0	0	0	0
47.236	0	0	0	0
47.250	0	0	0	0
47.269	0	0	0	0
47.290	0	0	0	0
47.310	0	0	0	0
47.327	0	0	0	0
47.345	0	0	0	0
47.362	0	0	0	0
47.384	0	0	0	0
47.399	0	0	0	0
47.420	0	0	0	0
47.437	0	0	0	0
47.460	0	0	0	0
47.475	0	0	0	0
47.495	0	0	0	0
47.513	0	0	0	0
47.533	0	0	0	0
47.557	0	0	0	0
47.572	0	0	0	0
47.596	0	0	0	0
47.610	0	0	0	0
47.632	0	0	0	0
47.649	0	0	0	0
47.669	0	0	0	0
47.686	0	0	0	0
47.712	0	0	0	0
47.730	0	0	0	0
47.747	0	0	0	0
47.766	0	0	0	0
47.784	0	0	0	0
47.801	0	0	0	0
47.819	0	0	0	0
47.836	0	0	0	0
47.858	0	0	0	0
47.880	0	0	0	0
47.899	0	0	0	0
47.918	0	0	0	0
47.933	0	0	0	0
47.953	0	0	0	0
47.976	0	0	0	0
47.996	0	0	0	0
48.017	0	0	0	0
48.036	0	0	0	0
48.055	0	0	0	0
48.073	0	0	0	0
48.089	0	0	0	0
48.112	0	0	0	0
48.130	0	0	0	0
48.147	0	0	0	0
48.165	0	0	0	0
48.181	0	0	0	0
48.195	0	0	0	0
48.215	0	0	0	0
48.233	0	0	0	0
48.248	0	0	0	0
